CRGRO046
BN
sample\\CCLA1302.BNA
sample\\CCLA1302.BNT
sample\\CCLA1302_head.BNX
sample\\CCLA1302_tail.BNX
sample\\BNGRO046_head.CUL
100000
CALIMA               .
ANDIND
12.17 12.17 100000 #0.00 5
0.050 0.050 100000 0.000 5
17.0 20.0 0.15 #0.00 5
2.5 7.0 0.3 ##0.0") 5
9.0 19.0 0.3 ##0.0 5
11.0 25.0 0.3 #0.00 5
18.00 18.00 100000 #0.00 5
0.98 0.98 100000 #0.00 5
320. 320. 100000 ##0.# 5
133.0 133.0 100000 ##0.0 5
1.00 1.00 100000 #0.00 5
0.600 0.600 100000 0.000 5
15.0 15.0 100000 ##0.0 5
3.50 3.50 100000 #0.00 5
10.0 10.0 100000 ##0.0 5
78.0 78.0 100000 ##0.0 5
.235 .235 100000 #.000 5
.030 .030 100000 #.000 5